    unsorted:	 387.6729814 387.8015932 387.9011171 387.9599637 387.5430364 387.4148218 386.9723779 385.9626996 385.5075606 384.2477449 381.6045572 438.1900426 467.9508515 481.6098324 502.7774991 512.5150410 523.0318164 528.3463257 561.3473530 599.5323210 596.0717599 613.3066662 635.2651067 665.4936251 675.9955797 702.1280051 729.4771856 756.1671119 764.9210744 795.1311381 852.8210637 901.3591525 931.1328591 989.6679040 1024.676995 1109.721079 1126.957614 1177.065873 1228.355075 1255.990399 1289.643841 1343.152177 1372.680807 1447.259131 8.225554471e-007 1665.516002 1730.933914 1772.880788 1885.709297 1943.338307 2024.387490 2033.399635 2079.361827 2179.540371 2232.587626 2321.602152 2467.856051 2495.544021 2594.808500 2924.174372 3071.028858 3097.100498 3270.585766 3393.519374 3420.565954 3530.487717 3705.140042 4035.744433 4317.601143 4497.519717 5748.308279 5963.744814 6624.025768 7526.076883 9268.337275 9656.036953 9856.871877 10398.96068 12329.23638 14499.07392 15180.59086 16889.27569 17609.21177 18376.47626 19779.39249 20042.84520 20688.63753 21312.01263 21812.20017 21750.27255 22318.42612 22535.59981 22709.37278 23438.28917 23980.93470 24305.97030 24344.60280 24696.03222 25108.82164 25857.07434 26334.49401 26729.57451 27746.85121 28356.24784 364204.7635 318716.1505 26623694.10
      sorted:	 8.225554471e-007 381.6045572 384.2477449 385.5075606 385.9626996 386.9723779 387.4148218 387.5430364 387.6729814 387.8015932 387.9011171 387.9599637 438.1900426 467.9508515 481.6098324 502.7774991 512.5150410 523.0318164 528.3463257 561.3473530 596.0717599 599.5323210 613.3066662 635.2651067 665.4936251 675.9955797 702.1280051 729.4771856 756.1671119 764.9210744 795.1311381 852.8210637 901.3591525 931.1328591 989.6679040 1024.676995 1109.721079 1126.957614 1177.065873 1228.355075 1255.990399 1289.643841 1343.152177 1372.680807 1447.259131 1665.516002 1730.933914 1772.880788 1885.709297 1943.338307 2024.387490 2033.399635 2079.361827 2179.540371 2232.587626 2321.602152 2467.856051 2495.544021 2594.808500 2924.174372 3071.028858 3097.100498 3270.585766 3393.519374 3420.565954 3530.487717 3705.140042 4035.744433 4317.601143 4497.519717 5748.308279 5963.744814 6624.025768 7526.076883 9268.337275 9656.036953 9856.871877 10398.96068 12329.23638 14499.07392 15180.59086 16889.27569 17609.21177 18376.47626 19779.39249 20042.84520 20688.63753 21312.01263 21750.27255 21812.20017 22318.42612 22535.59981 22709.37278 23438.28917 23980.93470 24305.97030 24344.60280 24696.03222 25108.82164 25857.07434 26334.49401 26729.57451 27746.85121 28356.24784 318716.1505 364204.7635 26623694.10
