    unsorted:	 387.6924518 387.7484351 387.6047329 387.4826493 387.3708397 387.2308800 386.6953998 385.6249869 385.5060967 383.8415146 381.1151160 437.9130248 467.4675210 481.2122653 502.7186142 512.0755481 522.8945999 528.4104092 560.7920016 599.5992860 596.1926877 613.3058151 634.6430013 665.6008778 676.3591909 702.1746504 729.2326417 756.2427025 764.9910706 798.6290228 860.6193928 900.9863666 968.3270093 989.7785258 1046.486283 1109.809028 1148.695017 1189.697904 1227.688840 1256.036611 1289.633242 1344.561396 1372.303422 1447.043604 8.225256187e-007 1672.506234 1702.728098 1759.801813 1810.920747 1937.792983 2013.002328 2024.645995 2072.430325 2179.805987 2234.443698 2321.122293 2495.453071 2537.022380 2659.245669 2955.651862 3089.297003 3069.523693 3268.975636 3393.759924 3423.386198 3530.429731 3704.415556 4016.992007 4290.157324 4395.215993 5746.393702 5953.707475 6623.614242 7524.302903 9265.887940 9645.681164 9770.123441 10360.73177 12329.32245 15164.33005 14473.78783 16883.43418 17600.50630 18378.99271 19784.16198 20067.50031 20693.55397 21899.37139 21308.82076 21749.43961 22317.53625 22550.05061 22729.95136 23444.29178 24038.25732 24326.25438 24293.43671 24696.62758 25112.81970 25857.46363 26336.37236 26728.90249 27747.02115 28356.29857 363677.3359 318795.1515 26656935.75
      sorted:	 8.225256187e-007 381.1151160 383.8415146 385.5060967 385.6249869 386.6953998 387.2308800 387.3708397 387.4826493 387.6047329 387.6924518 387.7484351 437.9130248 467.4675210 481.2122653 502.7186142 512.0755481 522.8945999 528.4104092 560.7920016 596.1926877 599.5992860 613.3058151 634.6430013 665.6008778 676.3591909 702.1746504 729.2326417 756.2427025 764.9910706 798.6290228 860.6193928 900.9863666 968.3270093 989.7785258 1046.486283 1109.809028 1148.695017 1189.697904 1227.688840 1256.036611 1289.633242 1344.561396 1372.303422 1447.043604 1672.506234 1702.728098 1759.801813 1810.920747 1937.792983 2013.002328 2024.645995 2072.430325 2179.805987 2234.443698 2321.122293 2495.453071 2537.022380 2659.245669 2955.651862 3069.523693 3089.297003 3268.975636 3393.759924 3423.386198 3530.429731 3704.415556 4016.992007 4290.157324 4395.215993 5746.393702 5953.707475 6623.614242 7524.302903 9265.887940 9645.681164 9770.123441 10360.73177 12329.32245 14473.78783 15164.33005 16883.43418 17600.50630 18378.99271 19784.16198 20067.50031 20693.55397 21308.82076 21749.43961 21899.37139 22317.53625 22550.05061 22729.95136 23444.29178 24038.25732 24293.43671 24326.25438 24696.62758 25112.81970 25857.46363 26336.37236 26728.90249 27747.02115 28356.29857 318795.1515 363677.3359 26656935.75
