    unsorted:	 385.7178666 385.6175816 385.7896002 385.5020622 385.4136998 385.0543932 384.4491226 383.4843941 382.0055049 379.7969658 376.6258241 525.3892500 526.0624698 598.7821162 595.5347783 590.3596672 609.3638812 576.2535827 559.6538841 500.9496033 457.8415628 659.2821454 678.5442260 685.9973556 710.2432268 751.6488769 775.0509790 792.7580241 810.8190337 862.9424044 933.9982933 930.0504722 941.2566080 908.3559689 972.2093443 1004.959668 1026.568081 1145.997883 1150.276253 1162.728338 1219.602557 1317.759135 8.223895490e-007 1417.979347 1469.566009 1683.138512 1747.075976 1825.863579 1870.467358 1906.105388 1993.268950 2115.493046 2176.159042 2219.612325 2274.850503 2339.727960 2406.294363 2511.527136 2645.048371 2729.010109 2820.420933 2955.218303 3243.790522 3314.395983 3554.566547 3732.351831 3892.377222 4193.564464 4281.089952 4526.060662 5197.196359 5943.780499 6270.133995 7031.156934 7703.942068 8101.798876 9548.024277 10442.67275 12327.81937 14897.87759 16066.10148 16971.26210 16845.48148 18463.99827 19240.91823 20150.05038 21234.86431 21459.56610 22075.61025 22572.34654 22853.68255 22790.04994 23166.52287 23675.71559 23876.41628 24326.93672 24442.50581 24822.14549 25058.98800 25098.54438 25309.59177 25726.73237 26172.35716 27220.69383 353391.7000 374704.8163 22869938.28
      sorted:	 8.223895490e-007 376.6258241 379.7969658 382.0055049 383.4843941 384.4491226 385.0543932 385.4136998 385.5020622 385.6175816 385.7178666 385.7896002 457.8415628 500.9496033 525.3892500 526.0624698 559.6538841 576.2535827 590.3596672 595.5347783 598.7821162 609.3638812 659.2821454 678.5442260 685.9973556 710.2432268 751.6488769 775.0509790 792.7580241 810.8190337 862.9424044 908.3559689 930.0504722 933.9982933 941.2566080 972.2093443 1004.959668 1026.568081 1145.997883 1150.276253 1162.728338 1219.602557 1317.759135 1417.979347 1469.566009 1683.138512 1747.075976 1825.863579 1870.467358 1906.105388 1993.268950 2115.493046 2176.159042 2219.612325 2274.850503 2339.727960 2406.294363 2511.527136 2645.048371 2729.010109 2820.420933 2955.218303 3243.790522 3314.395983 3554.566547 3732.351831 3892.377222 4193.564464 4281.089952 4526.060662 5197.196359 5943.780499 6270.133995 7031.156934 7703.942068 8101.798876 9548.024277 10442.67275 12327.81937 14897.87759 16066.10148 16845.48148 16971.26210 18463.99827 19240.91823 20150.05038 21234.86431 21459.56610 22075.61025 22572.34654 22790.04994 22853.68255 23166.52287 23675.71559 23876.41628 24326.93672 24442.50581 24822.14549 25058.98800 25098.54438 25309.59177 25726.73237 26172.35716 27220.69383 353391.7000 374704.8163 22869938.28
