    unsorted:	 389.2283448 388.6914175 389.8967663 388.1864318 390.7620493 391.9203066 393.5167570 385.5116448 395.7623672 398.9545454 403.5417730 461.1683065 505.5895186 524.7615475 548.5898413 562.0483139 569.3120958 607.1710661 620.8801658 627.2616262 649.0930273 671.0229661 693.9707617 689.2674943 737.4541347 774.1722259 805.5475668 817.2449816 851.2674384 869.4916868 904.3456501 932.9903895 943.3135595 989.1553689 998.2841282 1029.493116 1087.047977 1112.696243 1183.571746 1228.008856 1314.324589 1350.666962 8.225596488e-007 1490.703899 1507.982559 1682.833318 1668.951669 1825.787438 1884.104120 2003.684907 2063.231209 2089.133347 2280.898389 2361.081060 2374.554266 2410.482493 2487.917806 2566.157938 2606.340892 2844.567837 2863.477388 3005.491729 3189.390836 3295.631423 3328.917087 3481.536390 3710.371228 4143.606731 4289.405564 4480.297836 5345.303383 5947.749407 6396.151431 7152.462721 8279.227966 9150.890301 10114.10322 10745.33829 12330.61772 14581.77790 16288.68176 16738.88886 17518.72804 18615.86314 19605.18223 19974.79918 20803.91643 21817.68799 21973.42044 22595.75559 22392.05157 22837.82717 23090.80030 23361.92824 24116.20537 24541.68763 24742.48697 24902.17958 25219.84385 25542.84502 25685.34723 25899.98318 26093.32897 26919.86460 336287.9448 291760.9201 25461358.73
      sorted:	 8.225596488e-007 385.5116448 388.1864318 388.6914175 389.2283448 389.8967663 390.7620493 391.9203066 393.5167570 395.7623672 398.9545454 403.5417730 461.1683065 505.5895186 524.7615475 548.5898413 562.0483139 569.3120958 607.1710661 620.8801658 627.2616262 649.0930273 671.0229661 689.2674943 693.9707617 737.4541347 774.1722259 805.5475668 817.2449816 851.2674384 869.4916868 904.3456501 932.9903895 943.3135595 989.1553689 998.2841282 1029.493116 1087.047977 1112.696243 1183.571746 1228.008856 1314.324589 1350.666962 1490.703899 1507.982559 1668.951669 1682.833318 1825.787438 1884.104120 2003.684907 2063.231209 2089.133347 2280.898389 2361.081060 2374.554266 2410.482493 2487.917806 2566.157938 2606.340892 2844.567837 2863.477388 3005.491729 3189.390836 3295.631423 3328.917087 3481.536390 3710.371228 4143.606731 4289.405564 4480.297836 5345.303383 5947.749407 6396.151431 7152.462721 8279.227966 9150.890301 10114.10322 10745.33829 12330.61772 14581.77790 16288.68176 16738.88886 17518.72804 18615.86314 19605.18223 19974.79918 20803.91643 21817.68799 21973.42044 22392.05157 22595.75559 22837.82717 23090.80030 23361.92824 24116.20537 24541.68763 24742.48697 24902.17958 25219.84385 25542.84502 25685.34723 25899.98318 26093.32897 26919.86460 291760.9201 336287.9448 25461358.73
