    unsorted:	 375.5183928 376.7008253 374.2401893 372.8942623 377.7750703 371.5388799 378.6824018 370.2665261 369.2218455 368.6310739 385.4913613 535.7819905 528.0433578 558.6855800 565.9255634 508.9220715 597.2789653 603.0604611 618.1758541 636.4310094 639.8272465 451.6873827 678.4590608 673.6498606 687.8590645 763.4782607 768.9393799 789.3057541 836.5588009 858.9270627 903.7596480 927.8834381 944.7510397 966.3559223 972.8485995 992.9390620 1084.982088 1064.961128 1102.837410 1130.389659 1217.442287 1292.502647 1400.933738 8.223606495e-007 1431.324009 1459.339414 1522.603465 1889.975115 1869.676935 1956.915823 2026.195786 2073.344613 2157.738018 2195.650430 2267.551962 2394.071089 2365.433537 2519.623111 2747.460882 2864.781812 2948.094170 2979.626948 3091.796882 3505.345433 3641.683201 3912.636512 4193.836112 4326.796885 4541.527480 4637.083241 5054.667700 5753.929308 6013.939216 6584.115657 6876.852353 9298.167345 9329.358920 10227.31857 12328.67045 14619.57554 16121.68991 16541.55675 17961.77444 18378.63707 19565.67010 19920.52288 20301.22637 21079.57404 21613.11467 21851.51762 22272.86865 22626.78034 22902.86048 23630.24192 23760.94042 24061.80905 24148.71949 24736.66541 25226.24255 25664.45713 26964.31452 26558.03147 27148.20080 27504.00289 255645.5268 332893.2020 15786997.01
      sorted:	 8.223606495e-007 368.6310739 369.2218455 370.2665261 371.5388799 372.8942623 374.2401893 375.5183928 376.7008253 377.7750703 378.6824018 385.4913613 451.6873827 508.9220715 528.0433578 535.7819905 558.6855800 565.9255634 597.2789653 603.0604611 618.1758541 636.4310094 639.8272465 673.6498606 678.4590608 687.8590645 763.4782607 768.9393799 789.3057541 836.5588009 858.9270627 903.7596480 927.8834381 944.7510397 966.3559223 972.8485995 992.9390620 1064.961128 1084.982088 1102.837410 1130.389659 1217.442287 1292.502647 1400.933738 1431.324009 1459.339414 1522.603465 1869.676935 1889.975115 1956.915823 2026.195786 2073.344613 2157.738018 2195.650430 2267.551962 2365.433537 2394.071089 2519.623111 2747.460882 2864.781812 2948.094170 2979.626948 3091.796882 3505.345433 3641.683201 3912.636512 4193.836112 4326.796885 4541.527480 4637.083241 5054.667700 5753.929308 6013.939216 6584.115657 6876.852353 9298.167345 9329.358920 10227.31857 12328.67045 14619.57554 16121.68991 16541.55675 17961.77444 18378.63707 19565.67010 19920.52288 20301.22637 21079.57404 21613.11467 21851.51762 22272.86865 22626.78034 22902.86048 23630.24192 23760.94042 24061.80905 24148.71949 24736.66541 25226.24255 25664.45713 26558.03147 26964.31452 27148.20080 27504.00289 255645.5268 332893.2020 15786997.01
