    unsorted:	 386.0913221 386.3227741 385.8984154 386.7054444 385.5048396 387.3392888 388.3706402 390.0095339 392.5463580 396.3773218 402.1670458 640.1013489 639.1490550 625.2278200 676.3340596 678.6635784 665.4103887 605.2343090 579.9905653 575.9441931 698.6650972 547.9934757 509.5488425 463.3286857 755.4273007 740.9122496 792.2801860 807.7897248 835.7888402 846.3085984 868.4292757 934.5983966 940.7448207 961.9994011 979.8450043 999.3773232 1147.801081 1171.911661 1239.614766 1273.299205 1299.538324 1336.934587 8.225425334e-007 1562.619309 1622.719457 1650.639765 1776.299356 1896.138398 1904.818541 1927.390736 1860.944412 1972.144109 2029.993887 2090.228501 2134.684104 2258.724670 2342.889895 2484.217125 2661.260489 2695.036159 2806.646851 2927.792000 3077.750061 3105.671470 3472.920651 3691.057200 3758.922887 4271.750446 4422.638864 4589.132388 4708.347843 5659.288737 5981.413291 7193.798965 7515.806672 9781.175303 9938.784311 11153.31440 12325.07997 14740.60691 15321.27874 16437.98282 17128.91986 18028.22151 19151.29895 19484.58690 20523.92409 21101.91678 21875.35213 22499.51947 22635.09128 23165.07218 23599.42914 23787.41034 23929.70417 24322.48428 24445.84637 24874.46548 25154.70278 25423.59505 26112.28744 26350.75081 26543.28338 27615.07264 247567.8377 349106.2590 15423012.57
      sorted:	 8.225425334e-007 385.5048396 385.8984154 386.0913221 386.3227741 386.7054444 387.3392888 388.3706402 390.0095339 392.5463580 396.3773218 402.1670458 463.3286857 509.5488425 547.9934757 575.9441931 579.9905653 605.2343090 625.2278200 639.1490550 640.1013489 665.4103887 676.3340596 678.6635784 698.6650972 740.9122496 755.4273007 792.2801860 807.7897248 835.7888402 846.3085984 868.4292757 934.5983966 940.7448207 961.9994011 979.8450043 999.3773232 1147.801081 1171.911661 1239.614766 1273.299205 1299.538324 1336.934587 1562.619309 1622.719457 1650.639765 1776.299356 1860.944412 1896.138398 1904.818541 1927.390736 1972.144109 2029.993887 2090.228501 2134.684104 2258.724670 2342.889895 2484.217125 2661.260489 2695.036159 2806.646851 2927.792000 3077.750061 3105.671470 3472.920651 3691.057200 3758.922887 4271.750446 4422.638864 4589.132388 4708.347843 5659.288737 5981.413291 7193.798965 7515.806672 9781.175303 9938.784311 11153.31440 12325.07997 14740.60691 15321.27874 16437.98282 17128.91986 18028.22151 19151.29895 19484.58690 20523.92409 21101.91678 21875.35213 22499.51947 22635.09128 23165.07218 23599.42914 23787.41034 23929.70417 24322.48428 24445.84637 24874.46548 25154.70278 25423.59505 26112.28744 26350.75081 26543.28338 27615.07264 247567.8377 349106.2590 15423012.57
