    unsorted:	 388.5309097 388.0851633 389.0941380 387.6600331 389.8376795 390.8549221 392.2880336 385.5102841 394.3444299 397.3166605 401.6452050 459.7757796 503.7508685 522.9671072 548.1929629 560.3173838 569.5111064 605.4524149 620.8832264 626.8933890 649.3195407 670.9860421 686.1746607 694.2109607 736.7139908 770.8361793 800.3099374 816.8575819 833.2255018 865.8722237 896.4945894 914.1559044 931.4716449 943.1991646 996.6765052 1010.330616 1033.823169 1087.419044 1183.810061 1217.822296 1310.807747 1339.166539 8.224578396e-007 1491.096559 1494.620034 1681.663091 1669.690913 1825.921527 1882.624123 1978.060747 2009.508052 2083.209780 2365.197963 2380.609377 2307.582656 2411.280044 2508.921863 2561.054954 2576.746065 2857.798277 2832.798772 3021.990812 3189.576489 3298.112019 3330.800256 3481.586481 3712.647095 4146.727461 4294.745707 4498.394161 5347.812375 5949.580220 6399.231148 7157.822008 8279.757176 9158.038171 10148.37690 10746.02369 12330.65910 14652.92829 16300.02903 16733.55156 17533.34361 18617.25928 19601.22244 19974.24427 20802.13828 21818.24949 21972.74404 22595.52958 22393.35442 22832.29701 23091.68244 23362.77154 24083.95322 24540.89667 24743.53515 24901.88424 25218.24372 25545.78381 25632.07754 25893.85468 26067.28193 26918.28840 334581.4379 291085.8551 25642573.11
      sorted:	 8.224578396e-007 385.5102841 387.6600331 388.0851633 388.5309097 389.0941380 389.8376795 390.8549221 392.2880336 394.3444299 397.3166605 401.6452050 459.7757796 503.7508685 522.9671072 548.1929629 560.3173838 569.5111064 605.4524149 620.8832264 626.8933890 649.3195407 670.9860421 686.1746607 694.2109607 736.7139908 770.8361793 800.3099374 816.8575819 833.2255018 865.8722237 896.4945894 914.1559044 931.4716449 943.1991646 996.6765052 1010.330616 1033.823169 1087.419044 1183.810061 1217.822296 1310.807747 1339.166539 1491.096559 1494.620034 1669.690913 1681.663091 1825.921527 1882.624123 1978.060747 2009.508052 2083.209780 2307.582656 2365.197963 2380.609377 2411.280044 2508.921863 2561.054954 2576.746065 2832.798772 2857.798277 3021.990812 3189.576489 3298.112019 3330.800256 3481.586481 3712.647095 4146.727461 4294.745707 4498.394161 5347.812375 5949.580220 6399.231148 7157.822008 8279.757176 9158.038171 10148.37690 10746.02369 12330.65910 14652.92829 16300.02903 16733.55156 17533.34361 18617.25928 19601.22244 19974.24427 20802.13828 21818.24949 21972.74404 22393.35442 22595.52958 22832.29701 23091.68244 23362.77154 24083.95322 24540.89667 24743.53515 24901.88424 25218.24372 25545.78381 25632.07754 25893.85468 26067.28193 26918.28840 291085.8551 334581.4379 25642573.11
