    unsorted:	 375.8967207 374.5869060 373.1580502 377.0797056 371.6327057 378.0764879 370.0623569 368.5310528 367.1760061 366.2103579 385.4898867 635.8231966 637.1537333 616.7840911 601.1481767 596.7362768 565.8235622 556.9178176 535.3950292 526.3067173 506.7326334 670.6720737 678.0064689 686.7616520 450.0505336 740.1486485 763.7961048 782.1048684 793.3998738 859.5869472 854.4542360 909.2095507 928.7731397 946.1952150 966.2260531 972.8168629 1056.214987 1084.574833 1088.823454 1126.985173 1217.279989 1291.886834 1400.954268 8.225678922e-007 1428.691525 1454.124040 1509.768862 1890.769797 1872.553879 1972.793467 2051.423246 2061.607169 2189.779639 2248.542170 2277.557916 2352.860649 2436.088336 2525.920395 2723.483857 2851.493117 2925.574322 2986.073373 3089.903168 3505.577010 3648.766182 3931.032428 4194.718810 4379.984130 4635.727172 4674.784043 5075.145821 5770.329023 6020.587706 6634.516624 6880.258974 9319.812971 9461.724394 10228.11760 12328.12162 14625.99535 16125.63693 16549.05842 17961.18551 18375.25317 19560.80850 19910.89455 20295.69209 21079.93828 21598.75994 21849.52415 22272.99601 22625.63401 22849.78195 23624.65439 23753.70812 24055.20484 24146.08756 24656.66894 25211.10416 25664.26151 26963.02376 26557.97143 27139.58547 27505.13413 329875.3508 256076.7154 15711032.70
      sorted:	 8.225678922e-007 366.2103579 367.1760061 368.5310528 370.0623569 371.6327057 373.1580502 374.5869060 375.8967207 377.0797056 378.0764879 385.4898867 450.0505336 506.7326334 526.3067173 535.3950292 556.9178176 565.8235622 596.7362768 601.1481767 616.7840911 635.8231966 637.1537333 670.6720737 678.0064689 686.7616520 740.1486485 763.7961048 782.1048684 793.3998738 854.4542360 859.5869472 909.2095507 928.7731397 946.1952150 966.2260531 972.8168629 1056.214987 1084.574833 1088.823454 1126.985173 1217.279989 1291.886834 1400.954268 1428.691525 1454.124040 1509.768862 1872.553879 1890.769797 1972.793467 2051.423246 2061.607169 2189.779639 2248.542170 2277.557916 2352.860649 2436.088336 2525.920395 2723.483857 2851.493117 2925.574322 2986.073373 3089.903168 3505.577010 3648.766182 3931.032428 4194.718810 4379.984130 4635.727172 4674.784043 5075.145821 5770.329023 6020.587706 6634.516624 6880.258974 9319.812971 9461.724394 10228.11760 12328.12162 14625.99535 16125.63693 16549.05842 17961.18551 18375.25317 19560.80850 19910.89455 20295.69209 21079.93828 21598.75994 21849.52415 22272.99601 22625.63401 22849.78195 23624.65439 23753.70812 24055.20484 24146.08756 24656.66894 25211.10416 25664.26151 26557.97143 26963.02376 27139.58547 27505.13413 256076.7154 329875.3508 15711032.70
