    unsorted:	 378.1867483 376.8748725 379.2825081 375.2075662 373.0327149 370.1376366 385.4874818 366.2147520 360.8399443 353.4027959 343.0581108 442.2279509 475.5760355 499.9007669 509.5012187 517.1800342 533.6508979 536.0458341 608.2451754 581.9127979 623.0447639 634.0662663 641.9011506 679.0266450 671.6664722 701.8831213 729.2495501 780.8525371 792.7298659 805.5542554 827.2063886 846.3751835 876.2600472 891.6335110 976.2737062 1003.829248 1025.700774 1150.095394 1241.263162 1234.965858 1276.872221 8.224568768e-007 1370.847949 1572.154264 1665.524419 1840.751498 1846.078568 1814.020098 1791.641193 1759.341421 1938.305675 2117.404193 2177.244952 2219.355117 2250.926160 2298.503606 2341.750646 2432.421344 2633.473057 2870.591619 2924.515517 3045.396777 3112.468470 3211.824338 3377.055668 3438.334088 3569.463881 3775.799614 3926.744303 4100.135102 4809.442564 5309.216480 5881.843122 6851.343513 7909.348730 8417.125995 9265.106356 10285.25196 12327.49337 14778.47584 15437.01998 16254.36363 16877.01139 17989.86764 19241.12165 19646.77171 21096.00797 21476.59933 22245.27038 22320.79266 22799.56297 23138.29201 23282.67676 23990.41572 24143.42350 24189.33153 24594.84139 24856.51941 24964.78689 25121.53341 25830.66950 26186.57198 26581.96984 27840.32893 350485.5998 330515.1174 22329565.13
      sorted:	 8.224568768e-007 343.0581108 353.4027959 360.8399443 366.2147520 370.1376366 373.0327149 375.2075662 376.8748725 378.1867483 379.2825081 385.4874818 442.2279509 475.5760355 499.9007669 509.5012187 517.1800342 533.6508979 536.0458341 581.9127979 608.2451754 623.0447639 634.0662663 641.9011506 671.6664722 679.0266450 701.8831213 729.2495501 780.8525371 792.7298659 805.5542554 827.2063886 846.3751835 876.2600472 891.6335110 976.2737062 1003.829248 1025.700774 1150.095394 1234.965858 1241.263162 1276.872221 1370.847949 1572.154264 1665.524419 1759.341421 1791.641193 1814.020098 1840.751498 1846.078568 1938.305675 2117.404193 2177.244952 2219.355117 2250.926160 2298.503606 2341.750646 2432.421344 2633.473057 2870.591619 2924.515517 3045.396777 3112.468470 3211.824338 3377.055668 3438.334088 3569.463881 3775.799614 3926.744303 4100.135102 4809.442564 5309.216480 5881.843122 6851.343513 7909.348730 8417.125995 9265.106356 10285.25196 12327.49337 14778.47584 15437.01998 16254.36363 16877.01139 17989.86764 19241.12165 19646.77171 21096.00797 21476.59933 22245.27038 22320.79266 22799.56297 23138.29201 23282.67676 23990.41572 24143.42350 24189.33153 24594.84139 24856.51941 24964.78689 25121.53341 25830.66950 26186.57198 26581.96984 27840.32893 330515.1174 350485.5998 22329565.13
