    unsorted:	 385.9799792 385.8019831 386.1946976 386.5582664 385.5043227 387.1701163 388.1759811 389.7851087 392.2867983 396.0757317 401.8148350 638.7202478 640.0567730 624.5562633 676.2434241 678.5372219 665.3038313 687.8008586 604.9567796 579.9551203 575.9433291 707.0109514 547.7753380 509.1150277 742.0061557 754.8081846 462.7569776 795.0507978 808.6441238 838.4691051 846.5019086 933.1548381 940.7371801 958.3920381 969.9554245 995.4140320 1138.400820 1171.792269 1239.619971 1273.257776 1299.644475 1337.262594 8.225397990e-007 1562.695941 1622.128843 1651.058331 1711.405410 1795.539993 1897.514773 1848.346705 1930.556782 1978.991042 2058.004204 2100.529065 2203.378362 2242.275584 2339.974852 2470.334774 2646.861156 2685.633681 2799.997817 2916.368231 3081.808373 3106.297448 3473.677279 3699.378062 3776.454959 4273.896884 4424.536443 4777.946209 4702.753834 5662.296685 5990.829794 7202.075397 7561.490146 9832.868931 10035.29651 11155.15443 12324.85294 14755.39546 15345.55244 16449.09913 17146.37227 18027.70744 19152.25899 19481.69448 20479.13260 21108.16676 21876.92824 22469.67810 22505.77959 23160.00520 23609.79174 23777.92129 23902.03889 24274.57793 24435.93624 24861.19823 25156.11280 25409.37934 26078.42507 26350.32261 26541.87398 27613.61676 246833.6983 348851.7597 15382825.05
      sorted:	 8.225397990e-007 385.5043227 385.8019831 385.9799792 386.1946976 386.5582664 387.1701163 388.1759811 389.7851087 392.2867983 396.0757317 401.8148350 462.7569776 509.1150277 547.7753380 575.9433291 579.9551203 604.9567796 624.5562633 638.7202478 640.0567730 665.3038313 676.2434241 678.5372219 687.8008586 707.0109514 742.0061557 754.8081846 795.0507978 808.6441238 838.4691051 846.5019086 933.1548381 940.7371801 958.3920381 969.9554245 995.4140320 1138.400820 1171.792269 1239.619971 1273.257776 1299.644475 1337.262594 1562.695941 1622.128843 1651.058331 1711.405410 1795.539993 1848.346705 1897.514773 1930.556782 1978.991042 2058.004204 2100.529065 2203.378362 2242.275584 2339.974852 2470.334774 2646.861156 2685.633681 2799.997817 2916.368231 3081.808373 3106.297448 3473.677279 3699.378062 3776.454959 4273.896884 4424.536443 4702.753834 4777.946209 5662.296685 5990.829794 7202.075397 7561.490146 9832.868931 10035.29651 11155.15443 12324.85294 14755.39546 15345.55244 16449.09913 17146.37227 18027.70744 19152.25899 19481.69448 20479.13260 21108.16676 21876.92824 22469.67810 22505.77959 23160.00520 23609.79174 23777.92129 23902.03889 24274.57793 24435.93624 24861.19823 25156.11280 25409.37934 26078.42507 26350.32261 26541.87398 27613.61676 246833.6983 348851.7597 15382825.05
