    unsorted:	 384.5748999 384.3697411 384.7706204 384.0793817 383.6476189 385.5049288 382.9888400 381.9686593 380.3847956 377.9320275 374.1004074 568.2262670 560.1988074 543.8837267 582.9189660 596.9596565 526.0577344 612.2298221 505.1426362 632.0150895 648.6048265 462.2650668 674.6611075 690.3489122 725.0023750 748.1223449 836.3943251 859.1053766 886.5722474 906.6294372 910.9726981 932.4850763 975.5980803 1027.947979 1033.434524 1089.151125 1089.589093 1149.432147 1247.213404 1252.875557 1295.864823 1317.322021 1351.420189 8.225885592e-007 1539.991370 1646.554998 1750.775069 1821.775451 1872.340924 1915.418185 1939.277814 2067.011768 2131.535613 2258.075873 2284.764308 2376.084935 2414.749556 2612.094045 2689.174271 2757.018236 2904.203330 3068.518283 3207.391700 3309.466092 3404.657574 3514.174220 3737.670302 4279.786887 4512.152104 4860.767467 5105.260835 5428.470783 6058.867699 7093.321895 8250.212467 10079.15622 10211.95765 10612.23796 12329.07917 14560.26771 15533.28775 16289.63499 17445.61305 18460.72798 19767.00042 19461.77263 21143.55554 21988.48693 21846.32930 22198.92751 22608.82390 22939.35179 23354.26080 24052.72925 23935.34454 24265.82888 24616.33502 24880.12903 25052.01958 25389.17500 25707.32469 25985.53457 26262.41078 26792.97938 344268.6652 317591.4749 27144221.56
      sorted:	 8.225885592e-007 374.1004074 377.9320275 380.3847956 381.9686593 382.9888400 383.6476189 384.0793817 384.3697411 384.5748999 384.7706204 385.5049288 462.2650668 505.1426362 526.0577344 543.8837267 560.1988074 568.2262670 582.9189660 596.9596565 612.2298221 632.0150895 648.6048265 674.6611075 690.3489122 725.0023750 748.1223449 836.3943251 859.1053766 886.5722474 906.6294372 910.9726981 932.4850763 975.5980803 1027.947979 1033.434524 1089.151125 1089.589093 1149.432147 1247.213404 1252.875557 1295.864823 1317.322021 1351.420189 1539.991370 1646.554998 1750.775069 1821.775451 1872.340924 1915.418185 1939.277814 2067.011768 2131.535613 2258.075873 2284.764308 2376.084935 2414.749556 2612.094045 2689.174271 2757.018236 2904.203330 3068.518283 3207.391700 3309.466092 3404.657574 3514.174220 3737.670302 4279.786887 4512.152104 4860.767467 5105.260835 5428.470783 6058.867699 7093.321895 8250.212467 10079.15622 10211.95765 10612.23796 12329.07917 14560.26771 15533.28775 16289.63499 17445.61305 18460.72798 19461.77263 19767.00042 21143.55554 21846.32930 21988.48693 22198.92751 22608.82390 22939.35179 23354.26080 23935.34454 24052.72925 24265.82888 24616.33502 24880.12903 25052.01958 25389.17500 25707.32469 25985.53457 26262.41078 26792.97938 317591.4749 344268.6652 27144221.56
