    unsorted:	 383.7184828 383.3121141 384.0294146 382.7511936 381.9606260 380.8362664 385.5067439 379.2398928 376.9950375 373.8806529 369.6019667 531.1997692 534.0793493 514.0883005 552.4415120 567.1523687 570.0341654 463.4631882 604.4776288 622.9547750 670.1787896 655.2068772 696.3580096 709.2255258 731.0024255 751.8982616 785.1814366 796.6732281 827.1575537 839.6419036 853.6355177 868.0145113 973.3804384 978.5953592 991.4171353 1006.744571 1038.195974 1127.117536 1199.649112 1227.546870 1272.547028 8.223809590e-007 1457.268274 1480.280115 1418.277154 1530.123015 1602.122246 1665.061078 1835.412136 1874.073995 1969.815884 2117.088717 2214.835671 2271.405448 2296.808549 2370.277014 2422.902121 2516.585445 2615.889493 2839.654597 3040.091369 3147.646743 3239.952664 3425.318280 3533.244871 3616.281323 3783.454125 3999.150006 4276.932741 4542.681234 5051.882698 5788.028502 6279.910004 6722.635882 7899.263706 8669.103145 9669.746087 11158.65936 12330.93245 14133.10772 14768.75496 16193.98296 17430.00377 18045.06823 19056.85352 19834.95580 19662.20797 20831.14136 21675.17837 21801.08490 22404.98587 22528.42632 22675.68450 23152.39191 23887.22811 24161.96088 24566.80587 24694.66164 24877.34003 25147.48851 25515.18479 26506.08726 27355.10618 28007.44081 194465.8154 334479.7017 16452196.19
      sorted:	 8.223809590e-007 369.6019667 373.8806529 376.9950375 379.2398928 380.8362664 381.9606260 382.7511936 383.3121141 383.7184828 384.0294146 385.5067439 463.4631882 514.0883005 531.1997692 534.0793493 552.4415120 567.1523687 570.0341654 604.4776288 622.9547750 655.2068772 670.1787896 696.3580096 709.2255258 731.0024255 751.8982616 785.1814366 796.6732281 827.1575537 839.6419036 853.6355177 868.0145113 973.3804384 978.5953592 991.4171353 1006.744571 1038.195974 1127.117536 1199.649112 1227.546870 1272.547028 1418.277154 1457.268274 1480.280115 1530.123015 1602.122246 1665.061078 1835.412136 1874.073995 1969.815884 2117.088717 2214.835671 2271.405448 2296.808549 2370.277014 2422.902121 2516.585445 2615.889493 2839.654597 3040.091369 3147.646743 3239.952664 3425.318280 3533.244871 3616.281323 3783.454125 3999.150006 4276.932741 4542.681234 5051.882698 5788.028502 6279.910004 6722.635882 7899.263706 8669.103145 9669.746087 11158.65936 12330.93245 14133.10772 14768.75496 16193.98296 17430.00377 18045.06823 19056.85352 19662.20797 19834.95580 20831.14136 21675.17837 21801.08490 22404.98587 22528.42632 22675.68450 23152.39191 23887.22811 24161.96088 24566.80587 24694.66164 24877.34003 25147.48851 25515.18479 26506.08726 27355.10618 28007.44081 194465.8154 334479.7017 16452196.19
