    unsorted:	 385.5799367 385.6843294 385.7604152 385.5006809 385.3706625 385.0043543 384.3912951 383.4170571 381.9262706 379.7025862 376.5116390 598.6355807 595.2172747 590.2429582 609.4084955 575.9201942 559.4976167 525.3920545 526.0769032 500.7484079 659.4660807 678.5769700 684.6753579 710.2846415 457.5559736 751.3194682 757.8136329 790.9088357 793.1081418 823.1302307 930.3855226 922.2946170 937.0279975 893.6315888 962.1807749 982.4377151 1025.963200 1146.231083 1149.890650 1162.011209 1219.779363 1317.975795 8.226015255e-007 1418.015164 1464.705790 1683.613999 1746.396094 1824.222759 1850.347361 1899.854863 1994.210742 2153.896645 2182.015089 2190.358773 2260.580689 2353.882766 2400.217885 2550.482633 2590.428846 2717.573135 2818.907878 2954.632029 3244.213142 3315.897094 3558.607434 3748.819712 3898.475163 4195.707366 4281.909754 4524.536768 5196.634870 5955.401698 6265.179285 7031.547854 7701.906354 8102.280409 9666.816105 10443.88931 12327.74864 14960.12346 16088.52591 17002.48720 16848.23258 18465.64361 19242.15618 20147.03970 21235.25055 21460.53598 22081.64588 22546.80694 22778.75387 22854.16984 23164.66988 23667.56907 23874.28505 24324.88050 24440.42949 24822.83807 25038.36801 25089.09998 25270.99703 25664.43302 26141.33449 27216.23144 354203.6914 375020.8415 23099852.03
      sorted:	 8.226015255e-007 376.5116390 379.7025862 381.9262706 383.4170571 384.3912951 385.0043543 385.3706625 385.5006809 385.5799367 385.6843294 385.7604152 457.5559736 500.7484079 525.3920545 526.0769032 559.4976167 575.9201942 590.2429582 595.2172747 598.6355807 609.4084955 659.4660807 678.5769700 684.6753579 710.2846415 751.3194682 757.8136329 790.9088357 793.1081418 823.1302307 893.6315888 922.2946170 930.3855226 937.0279975 962.1807749 982.4377151 1025.963200 1146.231083 1149.890650 1162.011209 1219.779363 1317.975795 1418.015164 1464.705790 1683.613999 1746.396094 1824.222759 1850.347361 1899.854863 1994.210742 2153.896645 2182.015089 2190.358773 2260.580689 2353.882766 2400.217885 2550.482633 2590.428846 2717.573135 2818.907878 2954.632029 3244.213142 3315.897094 3558.607434 3748.819712 3898.475163 4195.707366 4281.909754 4524.536768 5196.634870 5955.401698 6265.179285 7031.547854 7701.906354 8102.280409 9666.816105 10443.88931 12327.74864 14960.12346 16088.52591 16848.23258 17002.48720 18465.64361 19242.15618 20147.03970 21235.25055 21460.53598 22081.64588 22546.80694 22778.75387 22854.16984 23164.66988 23667.56907 23874.28505 24324.88050 24440.42949 24822.83807 25038.36801 25089.09998 25270.99703 25664.43302 26141.33449 27216.23144 354203.6914 375020.8415 23099852.03
