    unsorted:	 383.4742229 383.0310190 383.8171071 382.4272294 381.5861772 380.4014235 385.5062077 378.7314084 376.3947933 373.1634153 368.7314675 567.0865430 569.0825361 552.4883626 530.3411822 533.1204055 513.8006015 603.5017857 462.6997099 622.8517617 670.1324582 654.1583311 696.3713642 707.8244854 730.1598393 750.7505416 784.4815817 793.7357091 824.5259932 839.1092120 853.1313770 867.4268097 931.5643743 978.4370888 987.1027701 999.0867710 1019.389571 1045.807005 1200.724584 1193.118502 1268.469039 1457.849770 8.222623108e-007 1462.975688 1420.564786 1530.646772 1602.303620 1667.028204 1872.477607 1968.910595 1989.963238 2121.780040 2189.118653 2217.209662 2300.356104 2362.933119 2423.946486 2517.261803 2599.747926 2730.328162 3068.128954 3125.295917 3250.147770 3425.954112 3534.833001 3626.370253 3789.513310 4075.327494 4284.276175 4549.389250 5052.263387 5807.943093 6276.208112 6719.881982 7899.210134 8668.857836 9858.752391 11158.99928 12331.05995 14197.35442 14805.56675 16199.26959 17459.21437 18041.50346 19055.38034 19827.18391 19641.11442 20829.31679 21673.84336 21761.13954 22361.67723 22525.46078 22656.20795 23150.87850 23872.94871 24161.12707 24642.45063 24556.69236 24878.23941 25147.54457 25481.02172 26504.38547 27353.77158 28007.92701 194674.6153 333589.9119 16460442.44
      sorted:	 8.222623108e-007 368.7314675 373.1634153 376.3947933 378.7314084 380.4014235 381.5861772 382.4272294 383.0310190 383.4742229 383.8171071 385.5062077 462.6997099 513.8006015 530.3411822 533.1204055 552.4883626 567.0865430 569.0825361 603.5017857 622.8517617 654.1583311 670.1324582 696.3713642 707.8244854 730.1598393 750.7505416 784.4815817 793.7357091 824.5259932 839.1092120 853.1313770 867.4268097 931.5643743 978.4370888 987.1027701 999.0867710 1019.389571 1045.807005 1193.118502 1200.724584 1268.469039 1420.564786 1457.849770 1462.975688 1530.646772 1602.303620 1667.028204 1872.477607 1968.910595 1989.963238 2121.780040 2189.118653 2217.209662 2300.356104 2362.933119 2423.946486 2517.261803 2599.747926 2730.328162 3068.128954 3125.295917 3250.147770 3425.954112 3534.833001 3626.370253 3789.513310 4075.327494 4284.276175 4549.389250 5052.263387 5807.943093 6276.208112 6719.881982 7899.210134 8668.857836 9858.752391 11158.99928 12331.05995 14197.35442 14805.56675 16199.26959 17459.21437 18041.50346 19055.38034 19641.11442 19827.18391 20829.31679 21673.84336 21761.13954 22361.67723 22525.46078 22656.20795 23150.87850 23872.94871 24161.12707 24556.69236 24642.45063 24878.23941 25147.54457 25481.02172 26504.38547 27353.77158 28007.92701 194674.6153 333589.9119 16460442.44
