    unsorted:	 395.7877135 395.6965592 395.4038059 394.8609616 394.1705383 393.4065294 392.6241335 391.8605091 391.1314377 390.3747796 385.5216304 570.8046184 562.9696778 545.8865401 543.0856786 527.1422367 606.5719460 604.3654680 628.4540984 631.9961509 492.3347466 460.1163383 665.9749739 685.8370340 699.2841422 696.0672351 760.9952625 796.2876791 826.3911703 843.2349372 848.9989273 881.9760319 899.7722364 920.6580302 962.2388375 979.6393948 1063.844525 1132.289388 1151.510796 1179.146001 1205.912003 1247.809884 8.225219498e-007 1444.639432 1507.288292 1679.464797 1833.025444 1818.422016 1759.887637 1884.547723 1945.899595 2039.042465 2116.895863 2274.829458 2307.426614 2429.564968 2447.556635 2480.097445 2554.299428 2633.050244 2888.161924 2970.269702 3202.022185 3403.131288 3651.101927 3755.847402 3893.146076 4131.459570 4483.260151 4724.946934 4878.434770 5938.796938 6066.151597 6998.568061 7657.334058 8510.998839 9457.572166 9901.298981 12327.91356 13894.05175 15321.10768 16604.45344 16808.33093 18340.16954 19444.80061 19996.54936 21308.67506 21940.46090 22230.95635 22421.18472 22903.78326 23218.75438 23788.21387 24177.76323 24267.39702 24435.23663 24760.09628 25100.27239 25277.50108 25520.81843 25777.46073 26014.89050 26213.16452 26454.38928 343573.9576 281819.1956 32434475.68
      sorted:	 8.225219498e-007 385.5216304 390.3747796 391.1314377 391.8605091 392.6241335 393.4065294 394.1705383 394.8609616 395.4038059 395.6965592 395.7877135 460.1163383 492.3347466 527.1422367 543.0856786 545.8865401 562.9696778 570.8046184 604.3654680 606.5719460 628.4540984 631.9961509 665.9749739 685.8370340 696.0672351 699.2841422 760.9952625 796.2876791 826.3911703 843.2349372 848.9989273 881.9760319 899.7722364 920.6580302 962.2388375 979.6393948 1063.844525 1132.289388 1151.510796 1179.146001 1205.912003 1247.809884 1444.639432 1507.288292 1679.464797 1759.887637 1818.422016 1833.025444 1884.547723 1945.899595 2039.042465 2116.895863 2274.829458 2307.426614 2429.564968 2447.556635 2480.097445 2554.299428 2633.050244 2888.161924 2970.269702 3202.022185 3403.131288 3651.101927 3755.847402 3893.146076 4131.459570 4483.260151 4724.946934 4878.434770 5938.796938 6066.151597 6998.568061 7657.334058 8510.998839 9457.572166 9901.298981 12327.91356 13894.05175 15321.10768 16604.45344 16808.33093 18340.16954 19444.80061 19996.54936 21308.67506 21940.46090 22230.95635 22421.18472 22903.78326 23218.75438 23788.21387 24177.76323 24267.39702 24435.23663 24760.09628 25100.27239 25277.50108 25520.81843 25777.46073 26014.89050 26213.16452 26454.38928 281819.1956 343573.9576 32434475.68
