    unsorted:	 397.0202434 397.6035380 397.9069003 396.2526404 395.3758370 394.4540233 393.5364548 392.6561566 391.8252815 390.9936829 385.5231865 545.3074189 545.9675352 563.0320404 572.8895895 528.2912638 493.9025265 461.1249137 607.1434236 605.1042111 628.6228796 633.3688946 668.7819660 685.7827051 696.0259510 702.7139333 760.9450809 783.8955549 826.2613155 837.2751312 846.6886371 868.5036745 899.8211228 919.6288265 931.9321848 970.9990415 1063.966757 1131.701338 1149.108970 1181.133441 1205.031378 1246.935435 8.225124121e-007 1443.572807 1507.842177 1678.928285 1777.795269 1804.122684 1882.830758 1904.953673 1955.416466 2061.620708 2117.754672 2268.341540 2302.420938 2412.633722 2446.748914 2485.818212 2549.942162 2618.241188 2878.148312 2938.126789 3101.588640 3403.124648 3651.236451 3755.778968 3891.129800 4138.984012 4484.445760 4724.627579 4882.732389 5948.001233 6067.898567 7000.471913 7657.621630 8511.164739 9459.133449 10037.79618 12328.00086 13925.35397 15328.84181 16607.79111 16821.97274 18342.98661 19415.89829 20000.88546 21278.00668 21944.59546 22228.76264 22403.69684 22863.68268 23217.39062 23793.07264 24153.14476 24239.05938 24433.64918 24754.00775 25101.08730 25274.33919 25515.75300 25720.71836 26011.21501 26207.15385 26454.10778 347081.1656 282329.6240 33038730.80
      sorted:	 8.225124121e-007 385.5231865 390.9936829 391.8252815 392.6561566 393.5364548 394.4540233 395.3758370 396.2526404 397.0202434 397.6035380 397.9069003 461.1249137 493.9025265 528.2912638 545.3074189 545.9675352 563.0320404 572.8895895 605.1042111 607.1434236 628.6228796 633.3688946 668.7819660 685.7827051 696.0259510 702.7139333 760.9450809 783.8955549 826.2613155 837.2751312 846.6886371 868.5036745 899.8211228 919.6288265 931.9321848 970.9990415 1063.966757 1131.701338 1149.108970 1181.133441 1205.031378 1246.935435 1443.572807 1507.842177 1678.928285 1777.795269 1804.122684 1882.830758 1904.953673 1955.416466 2061.620708 2117.754672 2268.341540 2302.420938 2412.633722 2446.748914 2485.818212 2549.942162 2618.241188 2878.148312 2938.126789 3101.588640 3403.124648 3651.236451 3755.778968 3891.129800 4138.984012 4484.445760 4724.627579 4882.732389 5948.001233 6067.898567 7000.471913 7657.621630 8511.164739 9459.133449 10037.79618 12328.00086 13925.35397 15328.84181 16607.79111 16821.97274 18342.98661 19415.89829 20000.88546 21278.00668 21944.59546 22228.76264 22403.69684 22863.68268 23217.39062 23793.07264 24153.14476 24239.05938 24433.64918 24754.00775 25101.08730 25274.33919 25515.75300 25720.71836 26011.21501 26207.15385 26454.10778 282329.6240 347081.1656 33038730.80
