    unsorted:	 378.5762648 377.3242849 379.6206217 375.7275098 373.6369057 370.8442251 385.4883952 367.0485859 361.8361600 354.6131632 344.5627008 443.2128810 476.8984709 501.3286718 510.0801673 518.3664018 533.7469237 537.4172937 608.6388675 583.2255955 623.1125642 636.2435624 642.1997492 679.0732174 672.5303670 702.6648715 731.6767136 793.1739953 784.8896046 806.0916686 846.4675427 874.3999879 877.2328789 935.9999259 977.9380094 1015.734871 1067.198553 1166.511002 1240.649307 1237.126604 1280.279409 8.224223507e-007 1370.828503 1572.141477 1665.474751 1819.386273 1793.702990 1841.569071 1857.086647 1738.247200 1939.439213 2118.054253 2172.234603 2196.475071 2274.975040 2298.336562 2350.653602 2436.241172 2644.892848 2918.565163 2946.576468 3045.588392 3114.860063 3186.548796 3377.307134 3437.278488 3557.612467 3719.131270 3926.863008 4084.519016 4810.397690 5309.299124 5862.019135 6853.886930 7908.528001 8418.479957 9130.400934 10285.99321 12327.43190 14762.05488 15382.27438 16255.76031 16831.78928 17988.99964 19256.48711 19665.63535 21109.81354 21478.76903 22320.15193 22291.47741 22800.37860 23138.47371 23359.50991 23989.97970 24145.28061 24387.65666 24610.36626 24858.08390 24975.09387 25140.14149 25838.21496 26187.88085 26584.34886 27845.94862 352838.2761 330814.9002 22523457.51
      sorted:	 8.224223507e-007 344.5627008 354.6131632 361.8361600 367.0485859 370.8442251 373.6369057 375.7275098 377.3242849 378.5762648 379.6206217 385.4883952 443.2128810 476.8984709 501.3286718 510.0801673 518.3664018 533.7469237 537.4172937 583.2255955 608.6388675 623.1125642 636.2435624 642.1997492 672.5303670 679.0732174 702.6648715 731.6767136 784.8896046 793.1739953 806.0916686 846.4675427 874.3999879 877.2328789 935.9999259 977.9380094 1015.734871 1067.198553 1166.511002 1237.126604 1240.649307 1280.279409 1370.828503 1572.141477 1665.474751 1738.247200 1793.702990 1819.386273 1841.569071 1857.086647 1939.439213 2118.054253 2172.234603 2196.475071 2274.975040 2298.336562 2350.653602 2436.241172 2644.892848 2918.565163 2946.576468 3045.588392 3114.860063 3186.548796 3377.307134 3437.278488 3557.612467 3719.131270 3926.863008 4084.519016 4810.397690 5309.299124 5862.019135 6853.886930 7908.528001 8418.479957 9130.400934 10285.99321 12327.43190 14762.05488 15382.27438 16255.76031 16831.78928 17988.99964 19256.48711 19665.63535 21109.81354 21478.76903 22291.47741 22320.15193 22800.37860 23138.47371 23359.50991 23989.97970 24145.28061 24387.65666 24610.36626 24858.08390 24975.09387 25140.14149 25838.21496 26187.88085 26584.34886 27845.94862 330814.9002 352838.2761 22523457.51
