    unsorted:	 386.6854810 386.7233340 386.5078564 386.9499907 386.3422065 386.2427694 387.1980822 387.3715155 387.4367652 387.6086182 385.5044758 693.2834787 680.0736258 673.8199676 665.5427793 718.5080520 605.6493342 615.0337397 568.1111850 556.6773110 543.3037054 539.7185264 534.9542994 752.9005419 760.7417598 797.3820056 799.3591577 460.4638777 833.6345141 862.7896065 921.5514168 939.9235529 980.8477118 1000.357439 1058.228380 1066.484174 1082.703742 1119.524316 1153.209080 1235.566506 1344.098089 1413.121086 1500.875044 1561.556367 8.226074411e-007 1835.632467 1863.985712 1913.738845 1959.904944 2063.622855 2139.760716 2221.026982 2263.718589 2314.905313 2343.453407 2384.171810 2445.068703 2609.682113 2658.260592 2811.222627 2870.423398 3015.261839 3051.514021 3269.355919 3499.244451 3476.725822 3738.016946 3887.443803 4199.542707 4538.042067 5032.528222 5821.122811 6170.613227 6986.018369 8517.614932 8902.568503 9342.500575 9734.839248 12327.37200 14125.71413 15602.75836 16292.74742 17159.61122 18186.05665 19275.21851 19629.95341 20483.41114 21325.96758 21826.20152 22132.55659 22652.66717 23048.83242 23171.68207 23334.87177 23825.62158 23936.81464 24370.22850 25355.84386 25139.43176 25482.64790 25619.54237 25778.70757 26461.75975 27133.47503 350474.1234 292545.8270 16164294.32
      sorted:	 8.226074411e-007 385.5044758 386.2427694 386.3422065 386.5078564 386.6854810 386.7233340 386.9499907 387.1980822 387.3715155 387.4367652 387.6086182 460.4638777 534.9542994 539.7185264 543.3037054 556.6773110 568.1111850 605.6493342 615.0337397 665.5427793 673.8199676 680.0736258 693.2834787 718.5080520 752.9005419 760.7417598 797.3820056 799.3591577 833.6345141 862.7896065 921.5514168 939.9235529 980.8477118 1000.357439 1058.228380 1066.484174 1082.703742 1119.524316 1153.209080 1235.566506 1344.098089 1413.121086 1500.875044 1561.556367 1835.632467 1863.985712 1913.738845 1959.904944 2063.622855 2139.760716 2221.026982 2263.718589 2314.905313 2343.453407 2384.171810 2445.068703 2609.682113 2658.260592 2811.222627 2870.423398 3015.261839 3051.514021 3269.355919 3476.725822 3499.244451 3738.016946 3887.443803 4199.542707 4538.042067 5032.528222 5821.122811 6170.613227 6986.018369 8517.614932 8902.568503 9342.500575 9734.839248 12327.37200 14125.71413 15602.75836 16292.74742 17159.61122 18186.05665 19275.21851 19629.95341 20483.41114 21325.96758 21826.20152 22132.55659 22652.66717 23048.83242 23171.68207 23334.87177 23825.62158 23936.81464 24370.22850 25139.43176 25355.84386 25482.64790 25619.54237 25778.70757 26461.75975 27133.47503 292545.8270 350474.1234 16164294.32
