    unsorted:	 388.1836210 388.0105881 388.3580897 388.6104823 388.6668957 387.6520451 387.3239971 387.0417172 386.8064858 386.6491970 385.5059645 543.1315241 541.0178104 535.7151518 558.0510972 568.0913407 605.3395314 616.3944861 667.8622252 673.5987342 679.9466863 695.4436197 718.2179764 760.4784545 752.0185799 797.2445140 800.3100415 461.0711381 833.8347323 865.4402280 911.4365889 935.3421267 954.8744755 1001.146657 1030.440244 1058.488901 1071.810660 1105.506910 1151.865416 1226.614581 1343.651333 1413.017327 8.224695505e-007 1492.522659 1561.603426 1842.545910 1863.357793 1913.109866 1959.240240 2063.081899 2091.655249 2138.486684 2228.765375 2321.313007 2364.511941 2378.720380 2446.739895 2548.756584 2650.600512 2786.681811 2853.128232 3008.105146 3051.762968 3268.945748 3494.639272 3576.672286 3774.003145 3955.473673 4206.326019 4534.787589 5033.452246 5825.039938 6168.870955 6992.919282 8528.852967 8909.674746 9342.022326 9778.095009 12327.33998 14188.16206 15611.05678 16308.91399 17168.63767 18195.89481 19281.52844 19627.44103 20473.25115 21324.45941 21819.43716 22132.56059 22653.56207 23014.76981 23169.99203 23320.66627 23832.83467 23823.89857 24369.85938 25355.35907 25138.79598 25481.98268 25608.96723 25731.88115 26456.01157 27131.96419 350867.7117 292800.2602 15920586.29
      sorted:	 8.224695505e-007 385.5059645 386.6491970 386.8064858 387.0417172 387.3239971 387.6520451 388.0105881 388.1836210 388.3580897 388.6104823 388.6668957 461.0711381 535.7151518 541.0178104 543.1315241 558.0510972 568.0913407 605.3395314 616.3944861 667.8622252 673.5987342 679.9466863 695.4436197 718.2179764 752.0185799 760.4784545 797.2445140 800.3100415 833.8347323 865.4402280 911.4365889 935.3421267 954.8744755 1001.146657 1030.440244 1058.488901 1071.810660 1105.506910 1151.865416 1226.614581 1343.651333 1413.017327 1492.522659 1561.603426 1842.545910 1863.357793 1913.109866 1959.240240 2063.081899 2091.655249 2138.486684 2228.765375 2321.313007 2364.511941 2378.720380 2446.739895 2548.756584 2650.600512 2786.681811 2853.128232 3008.105146 3051.762968 3268.945748 3494.639272 3576.672286 3774.003145 3955.473673 4206.326019 4534.787589 5033.452246 5825.039938 6168.870955 6992.919282 8528.852967 8909.674746 9342.022326 9778.095009 12327.33998 14188.16206 15611.05678 16308.91399 17168.63767 18195.89481 19281.52844 19627.44103 20473.25115 21324.45941 21819.43716 22132.56059 22653.56207 23014.76981 23169.99203 23320.66627 23823.89857 23832.83467 24369.85938 25138.79598 25355.35907 25481.98268 25608.96723 25731.88115 26456.01157 27131.96419 292800.2602 350867.7117 15920586.29
