    unsorted:	 384.5100440 384.2950536 384.7143314 383.9933045 383.5482366 385.5047915 382.8737411 381.8346955 380.2277192 377.7458693 373.8763640 568.3283490 559.9752439 543.6437360 582.6008890 596.9503103 525.8038275 612.0120790 505.1762635 632.0983249 648.3012047 461.9595081 674.6586182 689.5496140 725.1818042 745.4648223 834.7791921 858.7948613 883.3165134 892.3177105 910.2992888 928.3347188 945.6091571 995.7625638 1033.473961 1089.452271 1087.848119 1146.341165 1245.207316 1250.418452 1317.612577 1296.055389 1351.088732 8.224376775e-007 1540.823509 1627.613156 1886.067480 1864.492982 1819.917941 1915.897097 1940.749795 2068.752503 2134.764716 2217.546027 2280.962538 2330.981553 2402.276183 2610.751799 2686.933170 2753.209176 2903.935251 3086.096540 3207.756974 3311.754526 3406.286588 3542.410123 3738.850902 4282.342060 4513.972052 4861.143836 5107.294023 5428.347968 6073.712096 7094.583690 8250.750940 10080.24237 10614.28585 10445.94075 12329.10499 14689.20363 15572.97541 16296.28302 17491.12080 18472.99670 19767.21452 19454.95962 21143.15574 21986.80571 21847.98564 22193.17289 22606.03413 22939.57166 23346.12067 24046.15237 23885.52603 24251.84758 24616.38533 24866.68877 25052.41582 25374.92574 25671.44989 25982.47251 26262.17175 26792.49922 344545.3656 317609.5666 27323614.38
      sorted:	 8.224376775e-007 373.8763640 377.7458693 380.2277192 381.8346955 382.8737411 383.5482366 383.9933045 384.2950536 384.5100440 384.7143314 385.5047915 461.9595081 505.1762635 525.8038275 543.6437360 559.9752439 568.3283490 582.6008890 596.9503103 612.0120790 632.0983249 648.3012047 674.6586182 689.5496140 725.1818042 745.4648223 834.7791921 858.7948613 883.3165134 892.3177105 910.2992888 928.3347188 945.6091571 995.7625638 1033.473961 1087.848119 1089.452271 1146.341165 1245.207316 1250.418452 1296.055389 1317.612577 1351.088732 1540.823509 1627.613156 1819.917941 1864.492982 1886.067480 1915.897097 1940.749795 2068.752503 2134.764716 2217.546027 2280.962538 2330.981553 2402.276183 2610.751799 2686.933170 2753.209176 2903.935251 3086.096540 3207.756974 3311.754526 3406.286588 3542.410123 3738.850902 4282.342060 4513.972052 4861.143836 5107.294023 5428.347968 6073.712096 7094.583690 8250.750940 10080.24237 10445.94075 10614.28585 12329.10499 14689.20363 15572.97541 16296.28302 17491.12080 18472.99670 19454.95962 19767.21452 21143.15574 21847.98564 21986.80571 22193.17289 22606.03413 22939.57166 23346.12067 23885.52603 24046.15237 24251.84758 24616.38533 24866.68877 25052.41582 25374.92574 25671.44989 25982.47251 26262.17175 26792.49922 317609.5666 344545.3656 27323614.38
